 58 68 1 21 88 37 66 61 23 25 
 4 60 28 7 83 59 90 67 95 87 
 88 52 39 57 13 85 87 9 61 40 
 24 64 90 79 2 83 62 77 22 25 
 25 65 86 11 26 40 27 9 61 51 
 17 70 23 48 8 41 51 1 13 36 
 51 64 21 49 30 93 60 4 10 44 
 67 95 26 91 83 69 2 77 37 70 
 21 26 37 87 88 98 50 34 43 39 
 30 26 86 52 11 13 57 14 41 19 
 58 31 80 77 57 26 76 49 48 67 
 40 39 76 89 62 36 10 81 35 46 
 39 95 10 34 15 42 26 70 67 32 
 76 21 73 18 89 11 39 57 55 95 
 35 40 13 30 75 31 21 58 66 95 
 92 3 14 52 37 18 63 71 49 57 
 29 13 22 95 64 12 83 75 7 54 
 28 52 13 85 21 16 34 20 73 27 
 92 24 77 63 8 49 22 68 51 38 
 21 27 1 39 12 99 64 68 74 82 
 13 62 64 60 23 58 27 83 31 59 
 91 58 48 40 61 27 51 38 65 37 
 49 98 13 3 61 66 16 46 22 44 
 34 17 23 28 60 33 82 18 8 7 
 71 88 43 21 2 35 4 61 29 70 
 18 1 31 56 69 16 12 52 23 14 
 14 38 31 88 77 23 80 69 15 66 
 33 79 13 31 76 36 43 80 15 87 
 74 29 34 52 51 87 40 53 31 91 
 57 90 83 48 36 46 60 41 7 80 
 48 8 60 22 99 96 31 51 80 46 
 34 49 54 28 1 98 39 57 55 30 
 48 42 54 81 80 52 91 64 23 45 
 88 26 34 35 32 83 21 12 65 50 
 39 93 90 75 58 49 19 24 51 52 
 7 10 51 22 54 64 15 3 89 91 
 90 23 83 61 6 42 7 98 13 20 
 35 90 14 45 27 74 26 21 95 69 
 65 11 79 74 26 9 36 29 85 27 
 23 55 12 93 83 51 3 76 81 92 
 92 3 30 98 74 27 26 86 13 85 
 16 58 48 14 65 2 23 43 5 8 
 55 49 28 94 4 42 14 52 78 81 
 82 37 30 40 36 7 32 71 25 66 
 45 9 61 48 42 82 97 89 99 44 
 67 69 28 84 3 63 36 24 64 49 
 38 69 31 67 61 86 65 35 66 89 
 9 18 95 17 51 24 22 65 37 34 
 87 88 30 25 68 40 52 43 48 5 
 21 42 66 50 7 77 88 90 40 36 
 86 9 90 51 98 24 4 60 11 62 
 38 35 46 24 56 48 62 79 64 73 
 17 29 59 50 80 21 67 97 53 27 
 36 11 67 66 22 86 99 52 37 84 
 91 70 23 37 18 97 24 14 77 61 
 84 36 95 62 29 52 12 7 91 26 
 51 59 19 45 15 57 73 18 95 56 
 42 22 49 26 32 28 44 80 15 23 
 54 57 37 58 46 63 74 8 64 9 
 44 5 38 90 10 29 40 36 92 39 
 43 66 70 36 39 16 67 35 32 94 
 18 9 3 71 40 48 20 99 50 88 
 16 61 27 91 80 34 2 32 1 10 
 21 68 13 22 66 8 89 50 70 32 
 95 84 36 24 5 96 63 83 12 33 
 49 28 20 18 55 69 72 23 25 2 
 90 46 11 67 40 48 73 44 72 92 
 83 42 25 20 2 16 51 72 37 14 
 93 54 79 66 95 33 36 30 64 46 
 44 71 60 47 65 72 45 97 38 32 
 17 74 82 50 63 80 96 66 9 40 
 58 73 45 25 50 28 35 23 17 53 
 70 33 42 60 41 72 47 49 98 2 
 68 50 89 25 56 97 13 42 61 83 
 59 28 61 9 12 43 97 32 73 4 
 47 40 82 79 27 84 66 80 20 25 
 81 78 95 42 9 74 15 88 77 19 
 4 54 60 59 57 12 23 47 27 16 
 27 78 97 35 30 95 85 87 76 2 
 70 95 13 98 35 73 17 63 93 59 
 50 64 63 66 86 89 4 24 17 82 
 59 15 68 21 71 72 29 78 82 89 
 31 34 55 60 81 58 95 56 70 67 
 41 91 61 25 13 49 15 19 90 72 
 42 96 36 85 75 10 80 25 32 78 
 46 74 7 45 3 99 96 15 94 92 
 47 80 14 95 55 91 65 26 1 64 
 16 43 7 37 89 52 38 33 65 88 
 46 55 91 86 69 56 57 33 74 80 
 99 69 83 87 91 27 20 21 42 45 
 56 87 54 79 28 2 39 96 92 3 
 90 37 51 88 73 1 87 33 38 54 
 14 19 9 10 88 30 34 28 92 60 
 39 44 82 65 12 60 75 18 59 14 
 70 55 42 10 17 96 8 25 99 74 
 81 61 72 29 10 62 82 43 38 98 
 58 76 38 77 75 36 62 88 43 32 
 90 65 75 72 26 49 89 13 82 44 
 43 26 7 1 18 21 58 38 92 46 
 12 30 88 14 37 34 89 7 94 90 
 79 23 24 92 88 59 11 64 84 89 
 91 50 89 29 58 4 15 76 70 62 
 25 22 54 85 93 77 37 86 39 62 
 56 86 13 35 92 11 22 16 46 20 
 84 32 51 40 79 52 91 56 38 74 
 42 3 75 14 72 32 1 41 66 40 
 88 67 38 43 63 22 54 33 47 53 
 73 74 78 39 76 8 17 50 30 70 
 76 26 78 74 22 87 34 79 60 15 
 56 18 35 89 98 23 30 22 53 92 
 45 53 54 99 59 15 86 98 55 44 
 26 37 4 57 84 50 70 94 66 10 
 49 67 76 86 83 78 54 87 36 66 
 66 38 20 8 31 29 43 62 85 19 
 3 88 71 98 25 33 40 97 46 75 
 63 39 94 15 72 47 20 23 34 99 
 88 6 47 71 98 39 69 79 67 15 
 22 21 33 59 49 93 84 60 17 45 
 10 23 38 22 37 25 28 34 58 50 
 58 68 13 39 51 84 55 99 10 14 
 72 38 96 86 5 15 19 49 6 90 
 30 29 36 6 65 46 28 19 13 50 
 17 76 16 48 28 71 61 33 95 15 
 16 18 93 95 51 52 84 85 53 78 
 11 8 17 1 52 36 20 9 6 90 
 95 38 48 62 77 93 5 10 37 66 
 26 87 33 47 83 8 85 27 64 56 
 94 37 29 41 38 42 27 32 51 67 
 96 73 94 47 35 54 45 10 86 84 
 4 70 46 51 53 32 48 67 44 93 
 31 75 50 3 71 74 95 29 80 68 
 74 9 97 68 59 75 47 20 27 18 
 61 84 71 42 10 30 50 46 32 98 
 71 28 6 37 77 19 40 74 41 32 
 9 30 86 93 96 98 27 70 57 82 
 86 3 66 30 89 50 34 52 49 24 
 54 45 73 33 60 59 71 44 35 39 
 41 69 63 16 54 59 92 8 25 73 
 6 56 41 54 88 46 13 23 50 78 
 31 84 87 40 22 74 8 38 71 58 
 10 28 45 18 31 37 73 78 69 23 
 20 2 96 28 58 69 13 14 51 95 
 65 71 17 81 51 63 20 42 49 44 
 36 19 16 13 28 91 98 78 50 80 
 62 71 15 13 27 46 50 99 81 54 
 27 99 95 7 17 12 44 8 93 79 
 68 70 18 50 32 42 37 11 71 2 
 44 12 19 2 66 13 67 31 6 88 
 5 90 25 48 9 28 40 79 6 43 
 4 75 17 52 94 69 92 56 31 76 
 11 50 8 63 7 49 25 55 58 89 
 89 94 53 65 64 93 20 39 27 81 
 7 26 63 17 43 92 38 31 35 94 
 48 78 69 23 81 8 89 45 33 83 
 71 98 91 31 7 68 97 36 37 2 
 77 59 92 24 15 19 39 67 5 89 
 80 47 90 46 73 51 35 30 96 61 
 73 2 19 15 29 78 96 30 33 85 
 28 85 71 78 17 57 25 43 94 10 
 1 12 51 35 59 92 16 33 80 70 
 88 5 52 6 10 41 15 49 56 92 
 49 23 69 10 61 93 35 70 97 29 
 96 5 13 89 51 52 4 98 91 76 
 18 68 21 51 33 69 92 65 94 20 
 42 22 36 56 10 17 54 24 72 91 
 53 4 58 59 62 86 25 88 71 51 
 67 82 17 60 51 73 39 74 8 94 
 65 84 50 76 48 23 88 60 9 31 
 82 22 84 2 78 72 77 45 49 71 
 75 58 29 51 93 22 12 99 41 18 
 66 23 4 9 44 20 88 80 47 19 
 35 43 91 71 93 57 10 49 7 1 
 32 94 54 14 30 61 44 46 39 1 
 86 76 1 19 90 50 54 9 59 18 
 97 33 65 31 88 19 79 1 68 18 
 46 28 57 91 67 49 22 41 48 10 
 92 14 73 1 42 72 75 21 63 52 
 13 91 79 17 33 49 87 73 39 45 
 79 42 94 58 34 15 3 49 19 16 
 57 92 69 87 99 12 78 23 89 43 
 90 73 65 75 52 81 94 48 57 44 
 59 86 35 48 42 87 52 51 90 62 
 60 30 90 38 62 7 42 28 20 44 
 2 32 36 29 90 89 16 10 46 94 
 3 62 16 97 60 2 68 28 15 49 
 82 18 77 36 31 41 38 83 48 24 
 99 58 65 32 17 79 38 72 41 60 
 20 75 76 72 91 98 19 45 74 60 
 31 70 40 72 9 74 41 43 1 35 
 55 61 7 69 21 5 36 25 41 26 
 30 59 66 9 53 71 27 91 58 12 
 63 62 44 26 38 79 68 74 5 14 
 36 33 91 12 96 88 67 35 41 18 
 76 61 87 12 15 24 48 6 77 66 
 85 6 35 2 11 29 39 48 13 28 
 47 94 65 85 17 71 48 60 19 21 
 91 45 87 63 88 8 21 16 4 83 
 32 29 5 2 68 99 66 48 23 10 
 38 48 17 67 27 85 63 80 15 79 
 47 65 31 18 49 45 73 50 66 37 
 51 6 38 45 20 98 19 49 42 46 
 36 39 6 87 46 59 38 94 77 81 
 65 94 83 37 74 48 82 58 24 32 
 20 50 78 99 25 67 80 86 54 47 
 85 47 9 91 79 52 28 26 19 33 
 80 39 46 82 49 98 73 32 85 15 
